# AUTHOR: Yulia Rubanova

COLORS2 <- c("#000000","#1CE6FF","#FF34FF", "#FFFF00", "#FF4A46","#008941","#006FA6","#A30059","#FFDBE5","#7A4900","#0000A6","#63FFAC","#B79762","#004D43","#8FB0FF","#997D87","#5A0007","#809693","#FEFFE6","#1B4400","#4FC601","#3B5DFF","#4A3B53","#FF2F80","#61615A","#BA0900","#6B7900","#00C2A0","#FFAA92","#FF90C9","#B903AA","#D16100","#DDEFFF","#000035","#7B4F4B","#A1C299","#300018","#0AA6D8","#013349","#00846F","#372101","#FFB500","#C2FFED","#A079BF","#CC0744","#C0B9B2","#C2FF99","#001E09","#00489C","#6F0062","#0CBD66","#EEC3FF","#456D75","#B77B68","#7A87A1","#788D66","#885578","#FAD09F","#FF8A9A","#D157A0","#BEC459","#456648","#0086ED","#886F4C","#34362D","#B4A8BD","#00A6AA","#452C2C","#636375","#A3C8C9","#FF913F","#938A81","#575329","#00FECF","#B05B6F","#8CD0FF","#3B9700","#04F757","#C8A1A1","#1E6E00","#7900D7","#A77500","#6367A9","#A05837","#6B002C","#772600","#D790FF","#9B9700","#549E79","#FFF69F","#201625","#72418F","#BC23FF","#99ADC0","#3A2465","#922329","#5B4534","#FDE8DC","#404E55","#0089A3","#CB7E98","#A4E804","#324E72","#6A3A4C","#83AB58","#001C1E","#D1F7CE","#004B28","#C8D0F6","#A3A489","#806C66","#222800","#BF5650","#E83000","#66796D","#DA007C","#FF1A59","#8ADBB4","#1E0200","#5B4E51","#C895C5","#320033","#FF6832","#66E1D3","#CFCDAC","#D0AC94","#7ED379","#012C58","#7A7BFF","#D68E01","#353339","#78AFA1","#FEB2C6","#75797C","#837393","#943A4D","#B5F4FF","#D2DCD5","#9556BD","#6A714A","#001325","#02525F","#0AA3F7","#E98176","#DBD5DD","#5EBCD1","#3D4F44","#7E6405","#02684E","#962B75","#8D8546","#9695C5","#E773CE","#D86A78","#3E89BE","#CA834E","#518A87","#5B113C","#55813B","#E704C4","#00005F","#A97399","#4B8160","#59738A","#FF5DA7","#F7C9BF","#643127","#513A01","#6B94AA","#51A058","#A45B02","#1D1702","#E20027","#E7AB63","#4C6001","#9C6966","#64547B","#97979E","#006A66","#391406","#F4D749","#0045D2","#006C31","#DDB6D0","#7C6571","#9FB2A4","#00D891","#15A08A","#BC65E9","#FFFFFE","#C6DC99","#203B3C","#671190","#6B3A64","#F5E1FF","#FFA0F2","#CCAA35","#374527","#8BB400","#797868","#C6005A","#3B000A","#C86240","#29607C","#402334","#7D5A44","#CCB87C","#B88183","#AA5199","#B5D6C3","#A38469","#9F94F0","#A74571","#B894A6","#71BB8C","#00B433","#789EC9","#6D80BA","#953F00","#5EFF03","#E4FFFC","#1BE177","#BCB1E5","#76912F","#003109","#0060CD","#D20096","#895563","#29201D","#5B3213","#A76F42","#89412E","#1A3A2A","#494B5A","#A88C85","#F4ABAA","#A3F3AB","#00C6C8","#EA8B66","#958A9F","#BDC9D2","#9FA064","#BE4700","#658188","#83A485","#453C23","#47675D","#3A3F00","#061203","#DFFB71","#868E7E","#98D058","#6C8F7D","#D7BFC2","#3C3E6E","#D83D66","#2F5D9B","#6C5E46","#D25B88","#5B656C","#00B57F","#545C46","#866097","#365D25","#252F99","#00CCFF","#674E60","#FC009C","#92896B")

gg_color_hue <- function(n) {
  hues = seq(15, 375, length = n + 1)
  hcl(h = hues, l = 65, c = 100)[1:n]
}

list <- structure(NA,class="result")
"[<-.result" <- function(x,...,value) {
  args <- as.list(match.call())
  args <- args[-c(1:2,length(args))]
  length(value) <- length(args)
  for(i in seq(along=args)) {
    a <- args[[i]]
    if(!missing(a)) eval.parent(substitute(a <- v,list(a=a,v=value[[i]])))
  }
  x
}


get_values_from_list <- function(list, name_of_value, FUN=NULL, default = NULL, concat_function="cbind")
{
  concat_function <- match.fun(concat_function)
  res <- c()
  for (i in 1:length(list))
  {
    if (!is.null(FUN))
    {
      FUN <- match.fun(FUN)
      value <- sapply(list[[i]][names(list[[i]]) == name_of_value], FUN)
      
      if (is.null(value[[1]]) & !is.null(default))
      {
        value[[1]] <- default
      }
      res <- concat_function(res, value)
    } else
    {
      res <- concat_function(res, unlist(list[[i]][names(list[[i]]) == name_of_value]))
    }
  }
  
  return(res)
}


toVerticalMatrix <- function(L)
{
  if (is.vector(L))
    return(matrix(L, ncol=1))
  else 
    return(as.matrix(L))
}


reset_parallize <- function()
{
  closeAllConnections()
  cl <- makeCluster(3)
  registerDoParallel(cl)
}

IgnoreVectorOrMatrix <- function(x, FUN)
{
  if (is.vector(x))
  {
    return(x)
  } else if (is.matrix(x) | is.data.frame(x)) {
    FUN <- match.fun(FUN)
    return(FUN(x))
  } else
  {
    stop(paste("Unknown type of data:", head(x)))
  }    
}



get_sliding_window_data <- function (data, shift, gap = 1) {
  if (is.null(gap)) {
    gap = 1
  }
  vcf <- c()
  last_iteration = FALSE
  for (i in 1:nrow(data)) {
    start = i * gap
    end = i*gap + shift - 1
    
    if ((start <= nrow(data)) && (end > nrow(data))) {
      #end = nrow(data)
      #last_iteration = TRUE
      break
    }
    vcf <- rbind(vcf, apply(toVerticalMatrix(data[start:end,]),2,sum))
  }
  vcf <- t(vcf)
  return(vcf)
}



merge_data_chunks <- function (vcfData) {
  vcf <- matrix(nrow = nrow(vcfData)/2, ncol = ncol(vcfData))
  for (i in 1:nrow(vcf)) {
    for (j in 1:ncol(vcf)) {
      vcf[i,j] <- vcfData[i*2-1,j] + vcfData[i*2,j]
    }
  }
  vcf <- t(vcf)
  return(vcf)
}

get_noise_sig <- function(noise_sig)
{
  if (is.null(noise_sig))
  { 
    return(c())
  }

  if (noise_sig == "uniform")
  {
    noise = rep(1/96, 96)
    return(noise)
  }

  print(paste0("Noise signature type: ", noise_sig, " not found"))
  return(c())
}

get_signatures_for_current_sample <- function (id, active_signatures.our_samples, alex, noise_sig) {
  if (grepl("simulation([\\d]*)", id))
  {
    num <- as.numeric(gsub("simulation([\\d]*)", "\\1", id))
    active_sigs <- sapply(unlist(read.table(paste0(DIR_RESULTS, "simulation", num, "/true_mixture_sigs.txt"), header=F)), toString)
    alex.t <- alex[,active_sigs]
    return(list(alex.t, "simulation", "simulation"))
  }
  
  current_type <- active_signatures.our_samples[active_signatures.our_samples$ID == id,]
  # If the known signature table does not contain this cancer type, skip this tumor sample
  if (nrow(current_type) == 0)
  {
    print(paste("Skipping file", id, "... : no such sample in active sigs table"))
    return(NULL)
  }
  
  if (is.na(current_type$Name))
  {
    print(paste("Skipping file", id, "with type", current_type$tumor_type, "...: no cancer type name"))
    return(NULL)
  }
  matched_type <- current_type$Name
  signature_indices <- which(as.logical(current_type[,4:ncol(current_type)]))
  if ("SNPs" %in% colnames(alex))
  {
    alex <- alex[,-which(colnames(alex) == "SNPs")]
  }
  alex.t <- toVerticalMatrix(alex[,signature_indices])
  colnames(alex.t) <- colnames(alex)[signature_indices]

  if (!is.null(noise_sig))
  {
    noise_sig_distr <- get_noise_sig(noise_sig)
    alex.t <- cbind(alex.t, noise_sig_distr)
  }
  return(list(alex.t, matched_type, current_type$tumor_type))
}


save_data <- function()
{
  names_trinucleotide <- read.table(paste0(DIR, "trinucleotide.txt"), stringsAsFactors = F)
  names_trinucleotide <- apply(names_trinucleotide, 1, function(x) { do.call("paste", c(as.list(x), sep = "_"))})
  
  lydia_signatures = F
  pcawg_signatures = T
  cosmic_signatures = F
  

  # Load the tumor types for tumor IDs.
  tumortypes <- read.delim("tumortypes.PCAWG.txt", header = F, stringsAsFactors=F)
  colnames(tumortypes) <- c("ID", "tumor_type")

  stopifnot(sum(lydia_signatures + pcawg_signatures + cosmic_signatures) == 1)
  
  if (lydia_signatures) {
    lydia = T
    
    # Signatures from Lydia Liu (OICR)
    alex <- read.table(paste0(DIR, "/lydia_prostate_cancer_200/NMF_TrinucleotideSignature3wgs.tsv"), header = T)
    rownames(alex) <- names_trinucleotide
    alex <- alex[,-c(1,2)]
    colnames(alex) <- paste0("L", 1:ncol(alex))
    
    tumors.lydia <- gsub("(.*).phi.txt", "\\1", list.files("lydia_prostate_cancer_200//counts"))
    tumortypes.lydia <- data.frame(ID = tumors.lydia, tumor_type = "PRAD")
  } else if (pcawg_signatures)
  {
    # Signatures from PCAWG group
    alex <- read.csv(paste0(DIR, "PCAWG_signatures.csv"), header = T)
    #alex <- read.csv(paste0(DIR, "PCAWG_signature_patterns_beta.csv"),